fingers (0.03998871603148991, -0.04000043074830053) q [ 0.112  1.104 -0.279 -0.878 -0.166  0.679  0.383]
  handle at stove -> -95 deg; bar at [0.133 0.025]
PLAN sgn 1; final hz [ 0.68 -0.68 -0.27] hy [0.71 0.71 0.  ]; hand-body clearance to A bar at set: 12.8 cm, at down: 13.0 cm
  high   [-0.128  0.004  1.15 ] -> [ 0.57  0.44 -0.23 -1.96 -0.99  1.54  0.09] m 1.11 jump 1.09
  pre    [-0.128  0.004  0.976] -> [ 0.54  0.81 -0.21 -1.84 -0.95  1.7   0.28] m 0.95 jump 0.37
  slide  [-0.135 -0.076  0.976] -> [ 0.47  0.77 -0.27 -1.96 -1.05  1.83  0.3 ] m 0.99 jump 0.12
  grasp  [-0.135 -0.076  0.966] -> [ 0.46  0.79 -0.27 -1.95 -1.04  1.84  0.31] m 0.97 jump 0.03
  lift   [-0.135 -0.076  1.2  ] -> [ 0.54  0.28 -0.34 -2.09 -1.1   1.61  0.01] m 0.98 jump 0.52
  yaw1   [-0.135 -0.076  1.2  ] -> [ 0.55  0.19 -0.34 -2.21 -1.25  1.72  0.02] m 0.86 jump 0.15
  yaw2   [-0.135 -0.076  1.2  ] -> [ 0.55  0.1  -0.35 -2.32 -1.41  1.84  0.03] m 0.75 jump 0.16
  yaw3   [-0.135 -0.076  1.2  ] -> [ 0.53  0.02 -0.36 -2.42 -1.59  1.95  0.05] m 0.65 jump 0.18
  yaw4   [-0.135 -0.076  1.2  ] -> [ 0.51 -0.05 -0.39 -2.5  -1.79  2.07  0.08] m 0.57 jump 0.20
  yaw5   [-0.135 -0.076  1.2  ] -> [ 0.47 -0.11 -0.42 -2.56 -2.02  2.2   0.12] m 0.51 jump 0.22
  way1   [-0.05 -0.02  1.22] -> [ 0.53  0.1  -0.39 -2.27 -1.83  2.23  0.02] m 0.80 jump 0.29
  way2   [0.05 0.04 1.22] -> [ 0.54  0.4  -0.35 -1.88 -1.63  2.27 -0.12] m 1.19 jump 0.39
  over   [0.14 0.1  1.2 ] -> [ 0.5   0.72 -0.3  -1.43 -1.43  2.25 -0.29] m 1.04 jump 0.45
  down   [0.14 0.1  1.03] -> [ 0.49  1.03 -0.3  -1.31 -1.49  2.26 -0.06] m 0.73 jump 0.31
  set    [0.14 0.1  1.  ] -> [ 0.48  1.1  -0.3  -1.27 -1.5   2.26 -0.03] m 0.66 jump 0.07
  back   [0.083 0.157 1.02 ] -> [ 0.61  0.95 -0.28 -1.49 -1.49  2.17  0.03] m 0.81 jump 0.22
  up     [0.083 0.157 1.25 ] -> [ 0.64  0.55 -0.3  -1.59 -1.4   2.13 -0.31] m 1.21 jump 0.40
